
n 0 300 0
n 150 350 1
n 150 250 2
n 150 150 3
n 150 50 4
n 300 300 5
n 300 200 6
n 300 100 7
n 300 0 8
n 450 350 9
n 450 250 10
n 450 150 11
n 450 50 12
n 600 300 13
n 600 200 14
n 600 100 15
n 600 0 16
n 750 250 17
n 750 150 18
n 750 50 19

e 0 1 0 8 2
e 0 2 1 6 1
e 2 1 2 2 1
e 2 5 3 5 2
e 3 6 4 4 1
e 3 7 5 1 3
e 4 7 6 2 1
e 4 8 7 7 3
e 5 9 8 5 1
e 5 6 9 3 2
e 6 10 10 4 1
e 7 11 11 6 2
e 8 12 12 3 3
e 9 13 13 7 1
e 10 14 14 2 1
e 11 15 15 4 3
e 12 16 16 5 2
e 13 17 17 3 2
e 14 18 18 4 1
e 15 19 19 6 3
e 6 3 20 2 1
e 10 5 21 1 2
e 14 10 22 3 1
e 18 15 23 2 2
e 17 14 24 5 1